version https://git-lfs.github.com/spec/v1
oid sha256:52ffb006cd8ce348f745c9769e28c194def7e262ba3bbded216d390a861d62fc
size 11556
